0 0.44140625 0.34375 0.0671875 0.0796875
1 0.609375 0.3703125 0.03359375 0.0890625
1 0.56640625 0.37734375 0.02890625 0.09375
0 0.73671875 0.38359375 0.11328125 0.09140625
1 0.68515625 0.384375 0.03125 0.08203125
1 0.5375 0.4234375 0.03125 0.125
1 0.7015625 0.4234375 0.03828125 0.09609375
1 0.60234375 0.42578125 0.0453125 0.103125
1 0.7609375 0.4390625 0.04296875 0.1109375
0 0.8453125 0.475 0.13671875 0.125
1 0.7078125 0.4859375 0.0484375 0.15859375
1 0.65390625 0.5515625 0.06015625 0.1828125
1 0.834375 0.5609375 0.06484375 0.1296875
1 0.94921875 0.63671875 0.0625 0.14921875