0 0.54453125 0.359375 0.0984375 0.1203125
1 0.6578125 0.36328125 0.02890625 0.08203125
1 0.72734375 0.37734375 0.03125 0.0796875
0 0.4375 0.3796875 0.0796875 0.11796875
1 0.6828125 0.40859375 0.03125 0.084375
1 0.53125 0.415625 0.03359375 0.1390625
1 0.71171875 0.4375 0.0359375 0.11328125
0 0.8953125 0.50859375 0.1296875 0.14921875
0 0.6671875 0.5140625 0.1515625 0.165625
1 0.39453125 0.59375 0.05078125 0.19453125
0 0.5796875 0.74765625 0.2546875 0.37734375
1 0.81484375 0.7765625 0.1203125 0.23828125