1 0.63359375 0.35 0.02890625 0.06953125
1 0.53828125 0.35234375 0.02421875 0.084375
1 0.60703125 0.37265625 0.03359375 0.0890625
1 0.6453125 0.384375 0.02890625 0.08203125
0 0.734375 0.3921875 0.11328125 0.0890625
0 0.4328125 0.39921875 0.08203125 0.12265625
1 0.7546875 0.44609375 0.05078125 0.09375
0 0.8453125 0.47109375 0.146875 0.13203125
0 0.65 0.5140625 0.1609375 0.18984375
0 0.50625 0.521875 0.15390625 0.2328125
1 0.8640625 0.5671875 0.0625 0.1390625
0 0.89765625 0.83671875 0.2015625 0.32421875
0 0.69375 0.86796875 0.38203125 0.259375