0 0.4328125 0.33046875 0.06015625 0.0796875
1 0.51796875 0.3375 0.0171875 0.084375
1 0.4890625 0.34140625 0.0265625 0.08671875
1 0.5453125 0.365625 0.03359375 0.10078125
1 0.62734375 0.36640625 0.03125 0.0984375
1 0.609375 0.38125 0.03828125 0.09609375
0 0.734375 0.3921875 0.1203125 0.09609375
1 0.68984375 0.39921875 0.0359375 0.08671875
1 0.63203125 0.4375 0.03125 0.1296875
0 0.8421875 0.4734375 0.13203125 0.12734375
1 0.80390625 0.53125 0.053125 0.14921875
1 0.9484375 0.7296875 0.0796875 0.1734375
0 0.5609375 0.74140625 0.2453125 0.375