1 0.52734375 0.34765625 0.02421875 0.09375
1 0.62109375 0.36640625 0.021875 0.09140625
0 0.42578125 0.36875 0.06953125 0.10546875
1 0.60703125 0.3765625 0.0453125 0.09140625
0 0.73671875 0.3921875 0.115625 0.0984375
0 0.84765625 0.4734375 0.1515625 0.12734375
0 0.48828125 0.48046875 0.1390625 0.21171875
1 0.74765625 0.48203125 0.0453125 0.11796875
0 0.6515625 0.51328125 0.16328125 0.18984375
1 0.93984375 0.63671875 0.0765625 0.1421875
1 0.4046875 0.771875 0.06015625 0.29296875
0 0.90234375 0.8328125 0.19453125 0.32421875
0 0.6609375 0.83515625 0.36328125 0.3265625