0 0.5015625 0.321875 0.084375 0.0765625
0 0.65234375 0.33671875 0.0796875 0.08203125
0 0.43515625 0.40859375 0.084375 0.134375
1 0.6296875 0.415625 0.0359375 0.11796875
1 0.7046875 0.42890625 0.04296875 0.1078125
1 0.55546875 0.4421875 0.03828125 0.12265625
0 0.84609375 0.46640625 0.12265625 0.134375
1 0.83046875 0.49140625 0.05078125 0.12265625
1 0.75625 0.5109375 0.0671875 0.14921875
0 0.56875 0.6625 0.2234375 0.3265625
1 0.9375 0.72109375 0.08203125 0.18984375
1 0.94140625 0.87734375 0.11328125 0.23828125