0 0.4109375 0.290625 0.0453125 0.04296875
1 0.36640625 0.321875 0.021875 0.06484375
0 0.6765625 0.353125 0.08671875 0.0765625
0 0.43125 0.35546875 0.0671875 0.103125
0 0.5765625 0.3796875 0.071875 0.10546875
1 0.6609375 0.40234375 0.040625 0.11328125
1 0.3703125 0.42890625 0.02421875 0.134375
0 0.8703125 0.4984375 0.1515625 0.1515625
1 0.81484375 0.5 0.0359375 0.0984375
2 0.5453125 0.50703125 0.23046875 0.36328125
1 0.91328125 0.5640625 0.05078125 0.1390625
0 0.834375 0.6625 0.2859375 0.36796875