0 0.40859375 0.303125 0.05078125 0.07421875
0 0.68359375 0.35078125 0.0765625 0.071875
0 0.42890625 0.3546875 0.06015625 0.08671875
1 0.6390625 0.38125 0.03359375 0.09375
2 0.57578125 0.38125 0.071875 0.10546875
1 0.7203125 0.38203125 0.02421875 0.0890625
1 0.6875 0.39453125 0.02421875 0.0671875
1 0.7125 0.3953125 0.01953125 0.08203125
1 0.69375 0.41015625 0.03125 0.0625
1 0.76796875 0.428125 0.03828125 0.10078125
1 0.7859375 0.49296875 0.0453125 0.11328125
0 0.875 0.49765625 0.14453125 0.146875
2 0.54453125 0.50859375 0.228125 0.35546875
2 0.7296875 0.55390625 0.24765625 0.271875
1 0.9078125 0.65 0.06953125 0.19453125
1 0.8484375 0.8546875 0.13203125 0.27890625