0 0.4109375 0.290625 0.0453125 0.04296875
1 0.36875 0.3453125 0.021875 0.0890625
0 0.68125 0.35078125 0.08203125 0.07421875
0 0.43125 0.35234375 0.0578125 0.084375
0 0.57578125 0.38125 0.06953125 0.10546875
1 0.63828125 0.384375 0.03125 0.11328125
1 0.73046875 0.40234375 0.03359375 0.0890625
1 0.69140625 0.4046875 0.03359375 0.10078125
0 0.88203125 0.49765625 0.13203125 0.146875
2 0.5453125 0.50703125 0.22578125 0.3578125
1 0.84375 0.5140625 0.05078125 0.10546875
1 0.93515625 0.5640625 0.0484375 0.1296875
2 0.75 0.5875 0.290625 0.303125
1 0.92421875 0.68125 0.06484375 0.18515625