0 0.41015625 0.2921875 0.053125 0.0484375
1 0.6 0.3125 0.0171875 0.0625
0 0.678125 0.353125 0.09140625 0.084375
0 0.43046875 0.3578125 0.0671875 0.103125
0 0.5796875 0.38125 0.06484375 0.09375
1 0.67890625 0.4015625 0.03359375 0.10546875
1 0.67890625 0.4203125 0.0359375 0.06015625
1 0.7453125 0.4328125 0.03828125 0.12265625
1 0.37109375 0.4328125 0.03125 0.13671875
2 0.5453125 0.50625 0.22578125 0.3578125
0 0.87890625 0.50703125 0.1296875 0.165625
1 0.8578125 0.5296875 0.05078125 0.14453125
1 0.91796875 0.6234375 0.0671875 0.1828125