0 0.4109375 0.290625 0.0453125 0.04296875
1 0.3703125 0.3421875 0.02421875 0.08671875
0 0.42890625 0.35078125 0.06015625 0.08203125
0 0.6765625 0.35234375 0.08671875 0.07421875
1 0.64921875 0.353125 0.02421875 0.08671875
1 0.61875 0.36796875 0.02890625 0.10078125
0 0.57578125 0.37734375 0.06953125 0.103125
1 0.67421875 0.3921875 0.03125 0.10078125
1 0.7515625 0.42578125 0.03125 0.115625
0 0.8734375 0.49765625 0.14921875 0.1421875
2 0.5453125 0.49765625 0.2234375 0.33671875
1 0.83046875 0.5515625 0.071875 0.1734375
1 0.4390625 0.85703125 0.08203125 0.28359375