0 0.4078125 0.29921875 0.053125 0.0671875
1 0.6453125 0.3453125 0.01953125 0.06953125
1 0.6140625 0.34765625 0.02421875 0.08671875
0 0.67421875 0.3484375 0.0765625 0.06953125
1 0.3640625 0.3546875 0.021875 0.09140625
0 0.43046875 0.35703125 0.05546875 0.08203125
1 0.4078125 0.37890625 0.04296875 0.10078125
0 0.5671875 0.3796875 0.0890625 0.10546875
1 0.696875 0.38671875 0.03125 0.09140625
1 0.6609375 0.3921875 0.03359375 0.103125
0 0.87265625 0.49375 0.14453125 0.134375
2 0.5421875 0.51171875 0.22578125 0.36796875
1 0.7234375 0.51953125 0.0671875 0.1734375
1 0.89296875 0.59375 0.05078125 0.16796875
1 0.95703125 0.6234375 0.06015625 0.178125
1 0.86328125 0.67890625 0.071875 0.2234375