0 0.40234375 0.2953125 0.0484375 0.0671875
0 0.678125 0.34609375 0.08203125 0.08203125
0 0.5015625 0.3484375 0.084375 0.09609375
1 0.64921875 0.37109375 0.0578125 0.09375
1 0.58671875 0.375 0.02890625 0.09375
0 0.76796875 0.40390625 0.09140625 0.1109375
1 0.4078125 0.41015625 0.02890625 0.11796875
1 0.634375 0.43359375 0.04296875 0.134375
0 0.87109375 0.49609375 0.134375 0.13203125
1 0.8390625 0.5046875 0.053125 0.1078125
1 0.853125 0.56953125 0.053125 0.15390625
1 0.44453125 0.59609375 0.0484375 0.21171875
0 0.94453125 0.853125 0.10546875 0.28359375