0 0.6765625 0.35234375 0.084375 0.06953125
1 0.5578125 0.390625 0.03359375 0.11796875
0 0.77421875 0.4 0.09375 0.0890625
1 0.60234375 0.4015625 0.03828125 0.12734375
1 0.6734375 0.40625 0.03828125 0.11796875
1 0.48203125 0.42890625 0.05078125 0.134375
0 0.87265625 0.49296875 0.13203125 0.12734375
1 0.66015625 0.5 0.053125 0.11796875
1 0.87890625 0.53515625 0.04296875 0.15625
1 0.8390625 0.58671875 0.06484375 0.178125
1 0.6984375 0.5984375 0.0625 0.2015625
1 0.90234375 0.7203125 0.08203125 0.209375
0 0.5296875 0.72265625 0.2453125 0.39921875