0 0.53515625 0.29296875 0.06953125 0.0671875
0 0.4203125 0.32421875 0.05546875 0.05546875
2 0.65625 0.3484375 0.14453125 0.196875
0 0.54296875 0.384375 0.09140625 0.103125
0 0.77421875 0.3953125 0.09140625 0.08203125
0 0.44375 0.4046875 0.09375 0.1421875
1 0.64453125 0.44140625 0.05078125 0.1390625
1 0.6 0.4515625 0.05078125 0.146875
0 0.87265625 0.4953125 0.1390625 0.13671875
1 0.6921875 0.5515625 0.071875 0.15390625
1 0.89921875 0.5765625 0.0578125 0.14921875
0 0.6234375 0.77734375 0.28359375 0.4203125