0 0.36796875 0.2515625 0.03828125 0.04296875
0 0.40859375 0.29453125 0.05078125 0.0484375
1 0.5484375 0.29453125 0.01953125 0.0625
0 0.484375 0.3109375 0.05078125 0.06484375
0 0.43046875 0.35234375 0.06484375 0.084375
0 0.678125 0.353125 0.084375 0.08203125
0 0.58046875 0.38359375 0.06484375 0.09609375
0 0.87734375 0.4953125 0.14453125 0.134375
2 0.54296875 0.5015625 0.22578125 0.35546875
1 0.8125 0.5140625 0.0578125 0.14453125
1 0.69375 0.5640625 0.06015625 0.18515625
1 0.95546875 0.66796875 0.0671875 0.18984375
1 0.4203125 0.76171875 0.06484375 0.27421875