0 0.428125 0.3375 0.06015625 0.0796875
0 0.6765625 0.34765625 0.10078125 0.06484375
0 0.58046875 0.37734375 0.10546875 0.1109375
1 0.51953125 0.38671875 0.02421875 0.11328125
0 0.77421875 0.4 0.0984375 0.0890625
1 0.48828125 0.4 0.02421875 0.125
1 0.6984375 0.4234375 0.03828125 0.125
0 0.41796875 0.43046875 0.09375 0.14453125
0 0.87265625 0.49140625 0.13203125 0.1390625
1 0.85078125 0.53359375 0.05078125 0.14453125
1 0.4046875 0.54296875 0.03828125 0.18984375
1 0.91328125 0.9046875 0.1078125 0.18515625