0 0.60078125 0.3484375 0.09140625 0.10546875
0 0.509375 0.35 0.071875 0.103125
0 0.67890625 0.3546875 0.0796875 0.0890625
1 0.6984375 0.3859375 0.03828125 0.0890625
1 0.578125 0.3921875 0.03359375 0.08671875
1 0.65390625 0.39765625 0.03828125 0.1078125
0 0.77265625 0.4015625 0.09609375 0.09375
0 0.47265625 0.42578125 0.09140625 0.1296875
1 0.63671875 0.43125 0.05546875 0.11796875
0 0.8703125 0.49765625 0.1296875 0.13671875
1 0.8140625 0.50625 0.05546875 0.115625
1 0.9546875 0.61796875 0.06953125 0.15625
2 0.61171875 0.75234375 0.30078125 0.46875