0 0.4109375 0.290625 0.0484375 0.04296875
1 0.3640625 0.30078125 0.0140625 0.053125
1 0.36875 0.3234375 0.01953125 0.06484375
0 0.6765625 0.3453125 0.08203125 0.08203125
0 0.42890625 0.35546875 0.0671875 0.09140625
1 0.6671875 0.365625 0.03125 0.08671875
1 0.384375 0.3703125 0.03359375 0.10078125
1 0.71484375 0.3796875 0.03359375 0.09609375
0 0.578125 0.38203125 0.06953125 0.1078125
1 0.6359375 0.3921875 0.02890625 0.1203125
1 0.68984375 0.43046875 0.03828125 0.11796875
1 0.77890625 0.44609375 0.040625 0.12265625
1 0.73828125 0.446875 0.03828125 0.11796875
0 0.87265625 0.4953125 0.14921875 0.13671875
2 0.54453125 0.50234375 0.2234375 0.3484375
1 0.87734375 0.58984375 0.0625 0.18984375