1 0.578125 0.28984375 0.0171875 0.04296875
0 0.41015625 0.2921875 0.05078125 0.04296875
1 0.55546875 0.30390625 0.01953125 0.0484375
0 0.4046875 0.30625 0.0484375 0.084375
0 0.48828125 0.31875 0.06015625 0.08671875
0 0.6875 0.35234375 0.0671875 0.07421875
0 0.43046875 0.35234375 0.0625 0.084375
1 0.66015625 0.3796875 0.03125 0.08203125
0 0.57109375 0.3796875 0.084375 0.10546875
1 0.671875 0.43515625 0.03828125 0.11328125
0 0.87734375 0.49765625 0.15859375 0.146875
2 0.54453125 0.50703125 0.22578125 0.365625
1 0.71640625 0.509375 0.071875 0.15859375