2 0.415625 0.30078125 0.06484375 0.1296875
0 0.67890625 0.34765625 0.0890625 0.0765625
1 0.65390625 0.35546875 0.021875 0.09375
1 0.5734375 0.36640625 0.03125 0.09609375
1 0.52890625 0.3890625 0.0265625 0.115625
0 0.77265625 0.4 0.0984375 0.09375
0 0.446875 0.40390625 0.0984375 0.146875
0 0.87109375 0.49296875 0.13203125 0.13203125
1 0.72578125 0.50234375 0.053125 0.12734375
1 0.89765625 0.5515625 0.040625 0.146875
1 0.8578125 0.5640625 0.06484375 0.15859375
1 0.78125 0.67578125 0.0796875 0.18515625