0 0.4078125 0.29921875 0.05546875 0.071875
1 0.3640625 0.31953125 0.0171875 0.0625
1 0.603125 0.31953125 0.01953125 0.071875
1 0.6296875 0.34375 0.0265625 0.08203125
1 0.37265625 0.34609375 0.0171875 0.0765625
0 0.43046875 0.35078125 0.0625 0.08203125
0 0.67578125 0.35234375 0.09375 0.0765625
0 0.56640625 0.3796875 0.09609375 0.1078125
1 0.66328125 0.41953125 0.03125 0.1203125
1 0.77421875 0.45078125 0.040625 0.11796875
1 0.84609375 0.48828125 0.0484375 0.11796875
0 0.87265625 0.49765625 0.14921875 0.1390625
2 0.5453125 0.50625 0.22109375 0.35078125
1 0.78984375 0.56484375 0.06015625 0.18046875
1 0.8703125 0.6140625 0.06953125 0.18046875