1 0.5796875 0.3390625 0.02890625 0.09140625
0 0.40390625 0.34765625 0.0671875 0.1203125
0 0.6765625 0.34765625 0.08203125 0.084375
2 0.5109375 0.37265625 0.10546875 0.1390625
1 0.365625 0.3734375 0.0265625 0.1109375
1 0.68125 0.37890625 0.03359375 0.09140625
1 0.63359375 0.39296875 0.03828125 0.084375
0 0.76796875 0.4015625 0.08671875 0.0984375
0 0.87265625 0.49609375 0.14453125 0.14453125
1 0.43046875 0.5265625 0.04296875 0.18515625
1 0.74765625 0.5953125 0.0671875 0.18515625
1 0.9125 0.73671875 0.09140625 0.18046875