0 0.39765625 0.3140625 0.0453125 0.0484375
1 0.63125 0.334375 0.0265625 0.071875
1 0.5765625 0.35078125 0.03359375 0.0984375
1 0.6625 0.35234375 0.02890625 0.09609375
0 0.68359375 0.35546875 0.07421875 0.084375
1 0.5265625 0.36171875 0.0265625 0.09609375
0 0.4546875 0.38828125 0.08671875 0.14453125
1 0.73671875 0.4328125 0.03125 0.115625
1 0.6984375 0.43984375 0.0453125 0.13203125
0 0.8734375 0.4984375 0.146875 0.14453125
1 0.8328125 0.5 0.0484375 0.14921875
1 0.80625 0.5984375 0.0671875 0.18515625
0 0.578125 0.63828125 0.22109375 0.303125
1 0.9 0.86328125 0.10546875 0.25234375