2 0.41484375 0.31640625 0.05546875 0.1203125
1 0.6140625 0.328125 0.03125 0.0671875
2 0.51796875 0.3421875 0.084375 0.1109375
1 0.36875 0.35546875 0.021875 0.084375
0 0.76796875 0.39453125 0.08671875 0.103125
0 0.64765625 0.43515625 0.14453125 0.165625
1 0.7359375 0.45546875 0.0359375 0.13203125
1 0.40859375 0.46015625 0.03359375 0.14921875
1 0.796875 0.4640625 0.04296875 0.12734375
0 0.86875 0.4953125 0.1421875 0.13671875
1 0.86171875 0.5515625 0.06015625 0.15625
0 0.8140625 0.771875 0.26171875 0.3609375