0 0.43515625 0.303125 0.0484375 0.0671875
0 0.59765625 0.35078125 0.06953125 0.084375
1 0.50625 0.35234375 0.02421875 0.0890625
0 0.6703125 0.353125 0.08203125 0.08671875
1 0.7359375 0.37734375 0.03359375 0.09375
1 0.6859375 0.37890625 0.0453125 0.10078125
1 0.55078125 0.3890625 0.03359375 0.11328125
1 0.39921875 0.39296875 0.021875 0.115625
1 0.61171875 0.41015625 0.03828125 0.1109375
0 0.8734375 0.49765625 0.14453125 0.146875
1 0.72578125 0.50234375 0.05546875 0.14921875
1 0.66953125 0.51796875 0.06015625 0.16796875
1 0.94375 0.60546875 0.06015625 0.1390625